1,600000,60000,450,3550,1400,4950,0.085
2,600000,60000,2400,4450,1600,4850,0.075
3,600000,60000,950,4600,450,3850,0.06
4,600000,60000,1050,4050,800,4900,0.068
5,600000,60000,550,3000,150,3000,0.069
6,600000,60000,2950,4950,950,4950,0.088
7,600000,60000,1100,4050,1850,4450,0.055
8,600000,60000,900,3550,100,4000,0.056
9,600000,60000,550,3000,2500,4950,0.07
10,600000,60000,2000,4550,2400,4450,0.068
11,600000,60000,2950,4950,1450,4000,0.073
12,600000,60000,1000,3600,1150,3500,0.07
13,600000,60000,500,4500,600,3450,0.081
14,600000,60000,2500,4950,2600,4600,0.08
15,600000,60000,50,3000,450,4950,0.055
16,600000,60000,2600,4900,1950,4250,0.066
17,600000,60000,2500,4550,400,2450,0.087
18,600000,60000,2550,4550,2400,4450,0.077
19,600000,60000,2000,4500,1100,3650,0.051
20,600000,60000,550,2900,1150,4900,0.071
21,600000,60000,600,4050,2450,4550,0.055
22,600000,60000,500,4500,1900,4400,0.054
23,600000,60000,2100,4450,2250,4400,0.086
24,600000,60000,400,3950,2450,4550,0.078
25,600000,60000,1400,4450,1150,4950,0.076
26,600000,60000,450,3050,100,3400,0.084
27,600000,60000,1550,4450,1400,4550,0.07
28,600000,60000,50,2600,900,3600,0.065
29,600000,60000,1000,4900,2600,4800,0.066
30,600000,60000,0,2950,1300,3500,0.062
31,600000,60000,0,3050,50,3600,0.073
32,600000,60000,50,2950,50,2950,0.074
33,600000,60000,50,4950,400,4250,0.084
34,600000,60000,450,3050,350,3050,0.079
35,600000,60000,1950,4500,350,3600,0.06
36,600000,60000,1500,3600,700,3950,0.071
37,600000,60000,550,3100,2400,4950,0.082
38,600000,60000,100,4950,100,4400,0.075
39,600000,60000,450,2600,400,4450,0.088
40,600000,60000,450,4450,1000,3100,0.054
41,600000,60000,2100,4400,50,4600,0.058
42,600000,60000,100,4100,600,3500,0.067
43,600000,60000,550,4950,100,2100,0.071
44,600000,60000,2050,4950,900,4200,0.054
45,600000,60000,1900,4950,1350,3950,0.067
46,600000,60000,1100,3100,1050,4300,0.083
47,600000,60000,1950,4950,500,3750,0.051
48,600000,60000,400,2400,700,2950,0.072
49,600000,60000,500,4500,0,4550,0.076
50,600000,60000,950,3450,1150,4100,0.064
