1,600000,60000,0,3100,100,4200,0.069
2,600000,60000,400,4000,400,4250,0.057
3,600000,60000,450,2900,2300,4400,0.068
4,600000,60000,2100,4500,1150,4100,0.056
5,600000,60000,1450,4600,1100,4300,0.079
6,600000,60000,600,3900,1500,4950,0.071
7,600000,60000,1050,4550,300,2550,0.052
8,600000,60000,100,3400,600,3500,0.063
9,600000,60000,400,2400,50,4550,0.066
10,600000,60000,400,4500,1650,4050,0.088
11,600000,60000,1100,3900,800,4100,0.062
12,600000,60000,2100,4600,500,4900,0.061
13,600000,60000,2900,4900,800,4550,0.071
14,600000,60000,1000,4000,1900,4200,0.054
15,600000,60000,1900,3900,2300,4450,0.087
16,600000,60000,50,2900,1600,4600,0.081
17,600000,60000,50,3950,400,4350,0.087
18,600000,60000,500,3050,1200,3400,0.069
19,600000,60000,2450,4600,850,4600,0.072
20,600000,60000,400,4000,2000,4300,0.054
21,600000,60000,1950,4600,2250,4950,0.081
22,600000,60000,1050,3100,2400,4900,0.064
23,600000,60000,2900,4900,1150,3550,0.089
24,600000,60000,550,3500,400,4950,0.078
25,600000,60000,0,4600,550,3000,0.05
26,600000,60000,0,2450,0,2000,0.075
27,600000,60000,550,4600,1050,4700,0.065
28,600000,60000,1050,3050,0,3900,0.074
29,600000,60000,450,2550,100,3850,0.082
30,600000,60000,1500,4100,1400,4450,0.059
31,600000,60000,1600,3950,550,3500,0.054
32,600000,60000,0,4050,450,4900,0.078
33,600000,60000,400,3000,100,4350,0.066
34,600000,60000,1100,3950,1800,4050,0.057
35,600000,60000,950,3450,1550,4650,0.05
36,600000,60000,400,3100,1100,4600,0.083
37,600000,60000,1550,3550,600,3150,0.072
38,600000,60000,50,4450,500,4300,0.078
39,600000,60000,600,3950,1250,4000,0.063
40,600000,60000,100,4100,600,3950,0.078