1,600000,60000,2550,4550,1950,4650,0.075
2,600000,60000,1450,3550,100,3650,0.073
3,600000,60000,2100,4400,1600,4150,0.067
4,600000,60000,50,2550,0,3650,0.066
5,600000,60000,1600,4400,900,4000,0.062
6,600000,60000,1450,3950,550,4950,0.059
7,600000,60000,2450,4600,2400,4550,0.068
8,600000,60000,1600,4000,600,3800,0.058
9,600000,60000,450,3950,600,3050,0.05
10,600000,60000,450,4050,600,3450,0.062
11,600000,60000,1050,3100,1950,4450,0.074
12,600000,60000,600,2900,550,4550,0.075
13,600000,60000,1900,4100,850,3900,0.07
14,600000,60000,1950,3950,900,3700,0.085
15,600000,60000,1500,4900,1600,4350,0.068
16,600000,60000,1600,3600,1100,3450,0.078
17,600000,60000,500,2600,450,4100,0.074
18,600000,60000,0,2550,1050,4950,0.078
19,600000,60000,0,2500,1000,3400,0.065
20,600000,60000,900,3450,450,4000,0.087
21,600000,60000,950,4900,100,3950,0.085
22,600000,60000,950,3400,1950,4100,0.066
23,600000,60000,600,4100,1400,4050,0.064
24,600000,60000,1900,4100,0,4400,0.071
25,600000,60000,1400,4500,0,4450,0.086
26,600000,60000,550,4100,1450,4500,0.053
27,600000,60000,0,3950,250,4100,0.087
28,600000,60000,550,4000,800,4050,0.06
29,600000,60000,1500,4500,100,3800,0.062
30,600000,60000,600,3900,2600,4650,0.073
31,600000,60000,950,4550,1050,3750,0.067
32,600000,60000,1550,4400,1500,4550,0.056
33,600000,60000,450,4000,1900,4500,0.08
34,600000,60000,1950,4050,2400,4450,0.06
35,600000,60000,900,3400,1350,4450,0.082
36,600000,60000,950,4050,600,4050,0.078
37,600000,60000,1450,4100,1500,4100,0.078
38,600000,60000,500,3050,1050,4350,0.059
39,600000,60000,1950,4050,1400,3550,0.077
40,600000,60000,1100,4900,2400,4600,0.054
41,600000,60000,400,3100,1450,4400,0.058
42,600000,60000,1400,3450,1050,3600,0.079
43,600000,60000,100,3000,1650,3900,0.078
44,600000,60000,2500,4500,50,3950,0.073
45,600000,60000,500,4600,550,3900,0.078
46,600000,60000,950,4400,350,3500,0.059
47,600000,60000,100,2950,50,4450,0.085
48,600000,60000,900,4500,1100,4400,0.055
49,600000,60000,500,3500,2350,4400,0.081
50,600000,60000,600,4450,2300,4950,0.057
51,600000,60000,600,3500,450,3050,0.061
52,600000,60000,100,4450,950,4100,0.061
53,600000,60000,1600,4500,750,3400,0.07
54,600000,60000,1600,3900,400,4500,0.071
55,600000,60000,2500,4600,750,3450,0.065
56,600000,60000,1500,3900,2600,4950,0.07
57,600000,60000,50,3000,1000,4550,0.056
58,600000,60000,550,3600,2100,4150,0.086
59,600000,60000,50,4500,350,3000,0.057
60,600000,60000,1100,3600,100,3600,0.055
61,600000,60000,550,3100,2850,4950,0.061
62,600000,60000,1600,3600,2000,4500,0.078
63,600000,60000,1450,4600,150,3450,0.066
64,600000,60000,0,4550,50,4450,0.06
65,600000,60000,1050,3600,800,3000,0.066
66,600000,60000,100,3400,1400,4950,0.082
67,600000,60000,500,3950,400,2400,0.081
68,600000,60000,950,4950,1700,4950,0.089
69,600000,60000,1100,4400,200,3900,0.088
70,600000,60000,550,2950,1050,3600,0.066